172,128,363
170,128,366
168,128,369
166,128,372
438,456,222
440,456,225
442,456,228
444,456,231
446,456,234
448,456,237
554,552,42
556,552,45
558,552,48
560,552,51
562,552,54
564,552,57
566,552,60
568,552,63
570,552,66
572,552,69
574,552,72
576,552,75
764,771,36
765,771,39
766,771,42
767,771,45
768,771,48
769,771,51
770,771,54
771,771,57
772,771,60
773,771,63
774,771,66
775,771,69
776,771,72
777,771,75
778,771,78
779,771,81
780,771,84
780,771,87
780,771,90
780,771,93
780,771,96
780,771,99
761,780,387
762,780,390
763,780,393
764,780,396
765,780,399
408,426,399
410,426,402
412,426,405
414,426,408
416,426,411
418,426,414
420,426,417
422,426,420
424,426,423
426,426,426
780,782,339
780,782,342
780,782,345
780,782,348
780,782,351
780,782,354
780,782,357
780,782,360
780,782,363
780,782,366
780,782,369
780,782,372
780,782,375
780,782,378
780,782,381
780,782,384
780,782,387
780,782,390
780,782,393
780,782,396
780,782,399
780,774,531
780,774,534
780,774,537
780,774,540
780,774,543
780,774,546
780,774,549
780,774,552
780,774,555
780,774,558
780,774,561
780,794,432
780,794,435
780,794,438
780,794,441
780,794,444
780,794,447
780,794,450
780,794,453
780,794,456
780,794,459
780,794,462
780,794,465
780,794,468
780,794,471
780,794,474
780,794,477
780,794,480
780,794,483
780,794,486
780,794,489
780,794,492
780,794,495
780,794,498
724,700,375
723,700,378
722,700,381
721,700,384
720,700,387
719,700,390
718,700,393
717,700,396
716,700,399
715,700,402
714,700,405
713,700,408
712,700,411
711,700,414
710,700,417
709,700,420
708,700,423
707,700,426
780,758,63
780,758,66
780,758,69
780,758,72
780,750,57
780,758,75
780,750,60
780,758,78
780,750,63
780,758,81
780,750,66
780,758,84
780,750,69
780,758,87
780,750,72
780,758,90
780,750,75
780,758,93
780,750,78
780,758,96
780,750,81
780,758,99
780,750,84
780,758,102
780,750,87
780,758,105
780,750,90
780,750,93
780,750,96
780,750,99
780,750,102
780,786,33
780,786,36
780,786,39
778,786,42
776,786,45
774,786,48
772,786,51
770,786,54
768,786,57
730,728,441
729,728,444
728,728,447
727,728,450
726,728,453
725,728,456
724,728,459
723,728,462
722,728,465
721,728,468
720,728,471
719,728,474
